5104132016
5104562015
5104212017
5104082013
5104772014
5104832017
5104372016
5104642013
5104912017
5104662016
5104512017
5104932015
5104142017
5104642016
5104822013
5104102017
5104832016
5104352013
5104802016
5104202015
5104722013
5104972014
5104562015
5104542017
5104642015
5104042015
5104552017
5104382015
5104332013
5104632013
5104192014
5104922016
5104292014
5104232016
5104782014
5104102017
5104262013
5104222017
5104392017
5104672017
5104942015
5104302013
5104542013
5104872015
5104522014
5104702016
5104542017
5104412017
5104192017
5104312015
5104592015
5104432013
5104232014
5104042014
5104172013
5104192014
5104442017
5104052015
5104822014
5104752014
5104002016
5104762014
5104192014
5104452013
5104582016
5104512013
5104722016
5104682013
5104552017
5104682016
5104602016
5104472013
5104442017
5104122013
5104752014
5104182013
5104132014
5104392014
5104732013
5104682013
5104832013
5104362017
5104062014
5104622016
5104512013
5104402013
5104132015
5104152016
5104252016
5104592017
5104722013
5104392013
5104282017
5104702014
5104052016
5104612016
5104312016
5104082015
5104532014
5104222017
5104482015
5104322015
5104502017
5104852014
5104202017
5104502017
5104172014
5104332015
5104632013
5104942017
5104622013
5104402014
5104782015
5104172017
5104612016
5104292014
5104552013
5104122017
5104552017
5104372013
5104212014
5104702013
5104472017
5104392017
5104962017
5104842015
5104612015
5104592016
5104052015
5104842013
5104272015
5104252016
5104232016
5104362014
5104872017
5104172015
5104292015
5104252014
5104842015
5104652014
5104172014
5104712013
5104812014
5104212013
5104182013
5104842013
5104802013
5104082017
5104392017
5104612015
5104452015
5104142013
5104272014
5104332015
5104362013
5104512015
5104912015
5104092015
5104172015
5104392013
5104222017
5104892015
5104762016
5104982015
5104072014
5104732013
5104062016
5104022015
5104222013
5104002015
5104722016
5104692015
5104002017
5104282016
5104252015
5104262014
5104592016
5104102017
5104092014
5104772015
5104982015
5104572014
5104922017
5104732013
5104862017
5104812016
5104112013
5104962013
5104962016
5104922015
5104212015
5104582015
5104622014
5104942014
5104592015
5104662015
5104942017
5104592015
5104622016
5104772013
5104502016
5104952016
5104962013
5104742015
5104532016
5104762016
5104112017
5104652013
5104822015
5104452013
5104542013
5104372014
5104512014
5104982016
5104612016
5104142016
5104782015
5104752016
5104902016
5104652014
5104882013
5104712017
5104592013
5104732014
5104842015
5104012015
5104832017
5104542015
5104142016
5104772015
5104682013
5104382014
5104252014
5104492015
5104042014
5104422013
5104812015
5104842016
5104312014
5104042017
5104392017
5104262017
5104942016
5104972017
5104792014
5104052016
5104202015
5104352013
5104812016
5104292015
5104342013
5104032017
5104282015
5104702013
5104562015
5104882013
5104302015
5104442016
5104132013
5104302015
5104812013
5104542013
5104522016
5104302013
5104082016
5104222015
5104082016
5104492014
5104642013
5104102015
5104822013
5104262016
5104132016
5104502014
5104202017
5104112014
5104022015
5104702013
5104252013
5104662015
5104812017
5104262015
5104972017
5104232013
5104782017
5104842013
5104582014
5104352013
5104792013
5104582013
5104562016
5104652015
5104412015
5104082016
5104172017
5104372016
5104152016
5104422014
5104632016
5104432017
5104822016
5104832014
5104852013
5104912014
5104662017
5104872016
5104252016
5104922016
5104382015
5104662017
5104352017
5104452014
5104712017
5104742017
5104602013
5104032015
5104972016
5104932017
5104612015
5104502015
5104962014
5104592015
5104302013
5104872016
5104742016
5104342016
5104102016
5104202015
5104272015
5104032014
5104472017
5104852015
5104102014
5104602016
5104272016
5104972014
5104622016
5104962017
5104752013
5104552013
5104352013
5104722017
5104052015
5104782015
5104432016
5104312016
5104882016
5104182015
5104202014
5104772015
5104742016
5104862016
5104932015
5104242017
5104822015
5104292013
5104982015
5104502016
5104432015
5104022015
5104192017
5104412015
5104592016
5104462017
5104372014
5104412014
5104912013
5104562017
5104942013
5104192017
5104392013
5104542016
5104412016
5104952016
5104222013
5104062017
5104322016
5104042013
5104932013
5104562017
5104672017
5104522017
5104942015
5104462014
5104882013
5104752013
5104632015
5104172017
5104902013
5104542017
5104092013
5104072016
5104772017
5104422014
5104912014
5104692016
5104282014
5104012013
5104002015
5104912017
5104862016
5104872015
5104712015
5104522017
5104782016
5104742013
5104362017
5104652014
5104812016
5104082016
5104272017
5104792017
5104262013
5104812016
5104272017
5104472017
5104822014
5104692013
5104482015
5104952015
5104672013
5104402013
5104692013
5104742014
5104582013
5104922016
5104942015
5104552017
5104012013
5104052015
5104862015
5104452013
5104682016
5104132016
5104582013
5104292017
5104022015
5104292014
5104872016
5104422014
5104662017
5104002016
5104832016
5104632017
5104412014
5104352016
5104882015
5104432013
5104622016
5104062013
5104832016
5104932014
5104722014
5104632015
5104872014
5104452017
5104452015
5104652013
5104232015
5104532015
5104342014
5104152014
5104022016
5104222016
5104682015
5104262015
5104972015
5104582015
5104432015
5104712017
5104372015
5104362017
5104152013
5104192015
5104452017
5104702015
5104432013
5104022013
5104852014
5104662017
5104952015
5104102017
5104372014
5104352015
5104122015
5104032016
5104042015
5104322013
5104112017
5104662015
5104872013
5104982013
5104312015
5104452015
5104082017
5104532013
5104042015
5104422016
5104212015
5104802014
5104552013
5104962014
5104582016
5104682016
5104162017
5104932013
5104722014
5104102013
5104802015
5104522017
5104612013
5104692013
5104512013
5104752017
5104082017
5104302014
5104822017
5104162013
5104642014
5104932014
5104492016
5104902016
5104132016
5104822017
5104492015
5104512014
5104502017
5104482014
5104542014
5104832014
5104022013
5104652014
5104932015
5104712013
5104332017
5104422013
5104012014
5104192015
5104692015
5104492013
5104042016
5104972014
5104532016
5104082015
5104592014
5104282014
5104382015
5104762015
5104522016
5104102015
5104952015
5104022016
5104912015
5104902014
5104252013
5104012015
5104282016
5104752013
5104392016
5104522014
5104252014
5104932015
5104842015
5104842017
5104352017
5104622017
5104652017
5104962016
5104832014
5104362017
5104512013
5104502014
5104502013
5104552017
5104682016
5104202013
5104902016
5104382015
5104422017
5104392016
5104812016
5104292014
5104042015
5104872016
5104582015
5104342014
5104252015
5104592016
5104912014
5104512015
5104762016
5104452015
5104682015
5104612014
5104062015
5104402013
5104832015
5104842013
5104422017
5104592015
